# Created by Octave 4.0.0, Wed Jun 22 05:42:58 2016 CEST <nestwave@Nest_HPs>
# name: v
# type: bool matrix
# rows: 400
# columns: 1
 1
 0
 1
 0
 0
 0
 1
 1
 0
 1
 1
 1
 1
 0
 0
 0
 1
 0
 0
 1
 1
 0
 1
 0
 1
 1
 1
 0
 1
 0
 1
 0
 1
 1
 0
 1
 1
 0
 1
 1
 0
 1
 1
 1
 1
 0
 1
 1
 1
 1
 1
 1
 0
 0
 0
 1
 0
 0
 0
 1
 0
 1
 0
 1
 0
 1
 1
 0
 1
 0
 0
 0
 1
 0
 1
 0
 1
 0
 1
 1
 1
 0
 1
 1
 0
 0
 1
 1
 0
 1
 0
 1
 0
 1
 0
 1
 1
 0
 1
 1
 0
 1
 1
 0
 1
 1
 1
 1
 0
 0
 0
 1
 0
 0
 1
 1
 1
 0
 1
 1
 0
 0
 0
 0
 0
 1
 1
 0
 0
 0
 0
 0
 0
 0
 0
 0
 0
 1
 0
 1
 1
 1
 1
 1
 0
 1
 0
 1
 1
 0
 0
 0
 0
 0
 0
 1
 1
 0
 1
 1
 1
 1
 0
 1
 1
 0
 0
 0
 1
 1
 1
 1
 1
 0
 1
 1
 0
 1
 1
 0
 0
 1
 1
 1
 1
 1
 0
 1
 1
 1
 1
 0
 1
 0
 0
 0
 1
 1
 1
 0
 0
 1
 1
 1
 1
 1
 1
 1
 1
 1
 0
 1
 1
 0
 0
 1
 1
 0
 1
 1
 0
 0
 0
 1
 0
 1
 0
 1
 0
 0
 0
 0
 0
 0
 1
 1
 0
 0
 1
 1
 1
 1
 1
 0
 0
 1
 0
 0
 1
 0
 1
 0
 0
 0
 1
 1
 0
 1
 1
 0
 1
 0
 1
 0
 1
 0
 1
 1
 1
 0
 1
 1
 0
 0
 0
 1
 0
 0
 0
 0
 1
 1
 1
 0
 1
 1
 0
 0
 1
 0
 0
 1
 0
 1
 1
 1
 0
 1
 1
 1
 1
 0
 0
 0
 0
 1
 0
 1
 0
 1
 0
 0
 1
 1
 1
 1
 1
 1
 1
 1
 1
 1
 0
 1
 1
 1
 1
 0
 1
 1
 1
 0
 0
 0
 1
 0
 0
 0
 1
 0
 0
 0
 0
 1
 1
 0
 1
 1
 1
 0
 0
 0
 1
 1
 0
 0
 0
 0
 1
 1
 0
 0
 0
 1
 0
 0
 0
 0
 1
 0
 1
 0
 0
 0
 1
 0
 1
 0
 0
 0
 0
 1
 0
 0
 0
 0
 1
 1
 1
 1
 1
 1
 1
 1
 1
 1
 1
 1
 1
 0


